2844

3787

1373

8638

8584

3637

8156

6843

8725

3267

2352

2418

7867

3113

5856

3562

1411

8867

5637

7245

6772

5312

2645

3284

2867

3846

5272

4413

5516

8647

5572

6585

3516

5254

4143

8144

1746

4773

6237

2364

3452

8186

2135

8434

3638

6757

5258

1357

8155

1877

7486

5457

2435

2244

5285

2222

1171

6286

7567

1151

4555

3851

6375

6284

5581

4434

5112

7446

3853

8174

4578

2118

1518

2743

3367

4677

1432

1843

1636

8175

1356

3254

5628

7238

7825

3733

3635

3268

6674

7244

6536

6566

6813

2565

4842

5787

7822

1731

8833

8253

4352

5318

4645

5842

1656

5177

8268

6548

5132

7122

7326

5718

3686

2354

5624

7822

7818

7577

6631

6165

5257

3182

6213

4326

1777

3868

6784

4877

8532

4816

4142

1552

5855

5566

7424

2488

8342

1624

7274

1727

6362

4278

1141

8482

6555

6254

6112

7328

2778

7534

7542

1582

6754

8443

2512

5677

6727

8455

6464

3233

4186

3648

6257

6453

4238

8778

8221

3431

8623

2447

2757

2756

3316

1615

5541

7146

7357

7414

5167

5225

1774

8558

8263

3636

1658

5744

1155

2177

6378

6555

3743

5373

3242

7182

8554

7643

5135

6185

7182

2257

7511

6633

8224

1463

6552

5642

6578

4286

7233

1384

1133

4253

6682

8877

8644

2573

7677

1765

3853

5883

8775

7527

6863

5341

3311

5164

5778

7638

4142

7814

3775

5451

4343

4114

3842

6163

5446

7345

5815

7656

7277

6734

8771

6116

7428

2162

6235

6517

1566

6764

4266

2661

3617

5674

4577

2852

2567

5577

7533

5525

8716

1721

7124

6287

7722

8172

1666

7324

3488

4661

2825

5758

3734

8353

2464

4346

5345

3852

6444

8656

8686

2633

3411

6148

7431

5862

1274

4628

5477

2571

1312

3836

1824

1853

1788

1456

6345

1754

6576

7565

4228

5426

5758

6375

6153

4622

3684

7836

4555

5767

3685

5878

2474

3762

1454

2623

7575

1885

2462

5161

3223

8185

3123

2442

7512

6346

7644

6822

5113

2333

3864

6525

5558

8285

4885

8614

4368

6642

4718

2361

3381

6537

5683

4658

7156

4533

5162

8131

3587

3346

4316

2227

7581

1457

8626

7143

6856

1631

8473

6163

3733

4412

4364

5874

8548

2171

5632

5772

1372

7773

5633

4331

3214

1311

1553

6413

5825

3756

1813

4243

6711

3567

5337

6638

3185

1355

2113

2142

3514

5678

4775

4274

3715

1527

7358

4331

5253

5855

2174

4316

8817

5176

1774

4454

5152

6811

5157

1782

1532

6661

8238

6871

7155

4574

3531

8288

2323

5443

6448

3385

2858

6862

7434

6353

7825

3232

3635

2128

6686

5563

2767

4877

8766

1653

2311

8252

6181

8583

6564
